1 1
2 2
3 3
4 7
5 8
6 14
7 22
8 31
9 40
10 60
11 82
12 83
13 108
14 162
15 205
16 221
17 222
18 342
19 379
20 399
21 421
22 508
23 597
24 669
25 718
26 894
27 947
28 727
29 1183
30 1300
31 1361
32 1517
33 1551
34 1754
35 1823
36 1999
37 2288
38 2548
39 2625
40 2821
41 3142
42 3350
43 3519
44 3995
45 2479
46 4320
47 4321
48 2081
49 4660
50 5409
51 5054
52 5982
53 5668
54 7017
55 6306
56 6640
57 7033
58 8425
59 8716
60 8538
61 9389
62 10549
63 7472
64 9636
65 10800
66 12582
67 12583
68 13053
69 13054
70 15292
71 15363
72 12923
73 16308
74 17343
75 16748
76 18798
77 17500
78 20307
79 21177
80 18780
81 21341
82 23212
83 23623
84 23707
85 25228
86 27184
87 28055
88 27529
89 28498
90 32004
91 30199
92 31747
93 32668
94 36238
95 20324
96 30477
97 36338
98 36727
99 36728
100 41226
