1 1
2 2
3 3
4 7
5 8
6 14
7 22
8 31
9 40
10 60
11 82
12 83
13 108
14 162
15 205
16 221
17 222
18 342
19 379
20 399
21 421
22 508
23 597
24 669
25 718
26 894
27 947
28 727
29 1183
30 1300
31 1361
32 1517
33 1551
34 1754
35 1823
36 1999
37 2288
38 2548
39 2625
40 2821
41 3142
42 3350
43 3519
44 3995
45 2479
46 4320
47 4321
48 2081
49 4660
50 5409
51 5054
52 5982
53 5668
54 7017
55 6306
56 6640
57 7033
58 8425
59 8716
60 8538
61 9389
62 10549
63 7472
64 9636
65 10800
66 12582
67 12583
68 13053
69 13054
70 15292
71 15363
72 12923
73 16308
74 17343
75 16748
76 18798
77 17500
78 20307
79 21177
80 18780
81 21341
82 23212
83 23623
84 23707
85 25228
86 27184
87 28055
88 27529
89 28498
90 32004
91 30199
92 31747
93 32668
94 36238
95 20324
96 30477
97 36338
98 36727
99 36728
100 41226
101 41227
102 41733
103 43774
104 44908
105 45848
106 47857
107 47110
108 50122
109 52175
110 54465
111 54906
112 55684
113 57709
114 61891
115 61892
116 63158
117 64319
118 70217
119 68563
120 60688
121 72492
122 75276
123 76009
124 80561
125 82546
126 84308
127 85445
128 84299
129 87372
130 94392
131 88148
132 92473
133 67351
134 101187
135 96338
136 102588
137 106148
138 110839
139 107520
140 94314
141 109770
142 117146
143 117573
144 117143
145 121472
146 129646
147 126432
148 127021
149 134718
150 141275
151 142476
152 143084
153 144757
154 155229
155 152753
156 147614
157 159939
158 164674
159 164991
160 119323
161 166424
162 170611
163 175959
164 180042
165 179384
166 185195
167 189346
168 186172
169 194237
170 199143
171 202544
172 203058
173 206155
174 214633
175 215330
176 180536
177 216744
178 226708
179 218516
180 211871
181 230983
182 234803
183 241720
184 251100
185 246114
186 253917
187 254662
188 258590
189 262727
190 273123
191 273884
192 247416
193 277324
194 289740
195 279841
196 296879
197 299831
198 309532
199 304758
200 282205
201 310332
202 326285
203 318374
204 323270
205 319188
206 344488
207 335590
208 349723
209 353263
210 141587
211 353265
212 360029
213 363210
214 369834
215 369835
216 372631
217 378035
218 397872
219 395684
220 400741
221 401402
222 424036
223 412265
224 415839
225 416064
226 441377
227 442734
228 437960
229 447081
230 470309
231 461556
232 463174
233 481582
234 496763
235 490205
236 491616
237 500113
238 523911
239 511491
240 266665
241 525833
242 540294
243 544912
244 555119
245 560488
246 569822
247 575973
248 578197
249 578694
250 608326
251 609327
252 600511
253 610088
254 641330
255 401397
256 615657
257 641844
258 665323
259 633580
260 674610
261 665756
262 705317
263 676720
264 459482
265 705844
266 716216
267 721005
268 746195
269 728216
270 757538
271 766719
272 764277
273 767542
274 801668
275 802217
276 803043
277 803044
278 841128
279 824963
280 704856
281 847564
282 826699
283 866483
284 875823
285 880368
286 889508
287 893799
288 634533
289 903272
290 936037
291 913100
292 948430
293 971869
294 981861
295 963033
296 968344
297 985519
298 1024789
299 1010469
300 1017350
301 1041651
302 1073963
303 1050081
304 1059172
305 1090576
306 1119569
307 1116503
308 1118346
309 1122043
310 1168533
311 1129461
312 628059
313 1169776
314 1187344
315 989764
316 1218449
317 1216549
318 1241670
319 1247719
320 1079260
321 1238743
322 1287975
323 1264746
324 1021258
325 1152959
326 1294148
327 1309145
328 1349483
329 1315033
330 1347616
331 1373430
332 1357537
333 1393394
334 1402070
335 1404409
336 687412
337 1408431
338 1448967
339 1438815
340 1476892
341 1493927
342 1522655
343 1496657
344 1506622
345 1502833
346 1567512
347 1538779
348 1542603
349 1602629
350 913159
351 1589315
352 1619853
353 1622670
354 1636438
355 1647059
356 1663035
357 1668732
358 1701578
359 1713393
360 769425
361 1726361
362 1764733
363 1741886
364 1794664
365 1808900
366 1842205
367 1811092
368 1812194
369 1832067
370 1900148
371 1867188
372 1880945
373 1930861
374 1968232
375 1945785
376 1954411
377 1999532
378 2046776
379 2010844
380 2015393
381 2037055
382 2109635
383 2070978
384 1540005
385 2079406
386 2129566
387 2124156
388 2181839
389 2183780
390 1432411
391 2202454
392 1308743
393 2204020
394 2226870
395 2215026
396 2228069
397 2255394
398 2319070
399 2269293
400 1176579
401 2328625
402 2341057
403 2352314
404 2418974
405 2353928
406 2435129
407 2473793
408 2424948
409 2510425
410 2534197
411 2516153
412 2549878
413 2544103
414 2623171
415 2554843
416 2475104
417 2610555
418 2656426
419 2672752
420 1006082
421 2698854
422 2726265
423 2716117
424 2781414
425 2738961
426 2825439
427 2851000
428 2805244
429 2868589
430 2926076
431 2927797
432 1903607
433 2927799
434 2931697
435 2906945
436 3021112
437 2951317
438 3038031
439 3083685
440 2871082
441 3086321
442 3137047
443 3138816
444 3111786
445 3165067
446 3245341
447 3177529
448 3204828
449 3302711
450 3354462
451 3314836
452 3388513
453 3323858
454 3455716
455 3441640
456 3417507
457 3498220
458 3550787
459 3101087
460 3581026
461 3589307
462 2847709
463 3500968
464 1936703
465 3394402
466 3657509
467 3618356
468 3645956
469 3706442
470 3766091
471 3728956
472 3752978
473 3812451
474 3888765
475 3414538
476 3823336
477 3869567
478 3969946
479 3901568
480 2432980
481 3982855
482 4000653
483 3654798
484 4098056
485 4030181
486 4132725
487 4080623
488 4101078
489 4142071
490 4251313
491 4191951
492 4281984
493 4316486
494 4377247
495 4268060
496 4212578
497 4413806
498 4431202
499 4445165
500 4549165
501 4483590
502 4566256
503 4567261
504 3639408
505 4574808
506 4689671
507 4608172
508 4716862
509 4785569
510 4127447
511 4745821
512 4727408
513 4863353
514 4866945
515 4910707
516 4929786
517 4974244
518 5010435
519 5019760
520 4329331
521 5024433
522 4950884
523 5088205
524 5131092
525 4462157
526 5158073
527 5212839
528 4816356
529 5286094
530 5330079
531 5290328
532 3371743
533 5348740
534 5367426
535 5353006
536 5483255
537 5390506
538 5520688
539 5589129
540 3799625
541 5542220
542 5686934
543 5714035
544 5604765
545 5813223
546 2280951
547 5738474
548 5854646
549 5707233
550 5845689
551 5886433
552 5596331
553 5976799
554 6025543
555 5988967
556 6026752
557 6087370
558 6196179
559 6133603
560 3619262
561 6154847
562 6264412
563 6295335
564 6275035
565 6378248
566 6424586
567 6443856
568 6456921
569 6469986
570 6615332
571 6533147
572 6579399
573 6651472
574 6784056
575 6666945
576 4110906
577 6788077
578 6828523
579 6848754
580 6976352
581 6866713
582 7029671
583 7103125
584 7002186
585 6677624
586 7199037
587 7152101
588 3606660
589 7173235
590 7291810
591 7295941
592 3097694
593 7384593
594 7401215
595 5775355
596 7544926
597 7344642
598 7577637
599 7594397
600 5470937
601 7630339
602 7791676
603 7697114
604 7831793
605 5780104
606 7972882
607 7886760
608 7492428
609 6870967
610 8070379
611 7994703
612 6202167
613 7998982
614 8166332
615 8170017
616 6925110
617 8194004
618 8257657
619 8291045
620 7002796
621 8259410
622 8383696
623 8404223
624 4697640
625 8432260
626 8496637
627 6089132
628 8623794
629 8601182
630 6569546
631 8726016
632 8653392
633 8671089
634 8812249
635 8818590
636 8921474
637 8933559
638 9015767
639 8999809
640 7929303
641 9026649
642 9044610
643 9113408
644 9249281
645 4357064
646 9253906
647 9324321
648 8950132
649 9345073
650 9463214
651 9453458
652 9453459
653 9497796
654 9689418
655 9521306
656 9615085
657 9720784
658 9910287
659 9726701
660 6344447
661 9790141
662 9901322
663 9837074
664 10121108
665 9957742
666 10126119
667 7714968
668 10162818
669 10181537
670 10381867
671 10242418
672 6894742
673 10420060
674 10490144
675 10164829
676 10645853
677 10626907
678 10751660
679 10774737
680 10495443
681 10810726
682 10973043
683 10835244
684 10840026
685 11077028
686 11197076
687 11090045
688 11281995
689 11317129
690 8075291
691 11301262
692 11360689
693 10028229
694 11439242
695 11500315
696 9615753
697 11544889
698 11692163
699 11572771
700 6741680
701 11737737
702 11772116
703 11793200
704 11978349
705 11815716
706 12052218
707 12168157
708 12011159
709 12277744
710 12348742
711 12284836
712 12091281
713 12407130
714 12508515
715 12521368
716 12681028
717 12531380
718 12786265
719 12894115
720 7311152
721 12794166
722 13053365
723 13120604
724 12731430
725 13272856
726 13076986
727 13157573
728 11003248
729 12986598
730 13314737
731 13335937
732 13468980
733 13600170
734 13600171
735 10376155
736 13420042
737 13754204
738 13746092
739 13871553
740 13988463
741 13899637
742 14029488
743 14148951
744 10971567
745 14157869
746 14304032
747 10040949
748 12453615
749 14215983
750 14044385
751 14394303
752 14523637
753 14554470
754 14595886
755 14598903
756 9843667
757 14662325
758 14908667
759 14694121
760 7052164
761 15008349
762 14925392
763 15089223
764 15264175
765 12455050
766 15236292
767 15337522
768 15366669
769 15503538
770 13903371
771 15392750
772 15701955
773 15705044
774 15553528
775 7098646
776 15725145
777 13918887
778 15854618
779 15610180
780 7849815
781 15907525
782 16025463
783 16106792
784 16211726
785 16231327
786 16346869
787 16397218
788 16424764
789 16440525
790 16728869
791 16449995
792 10101576
793 16655360
794 16800646
795 16689461
796 17039345
797 16977253
798 10872924
799 17076880
800 13974537
801 17076882
802 17172246
803 17231659
804 17270243
805 8108901
806 17497060
807 17244511
808 17528101
809 17635695
810 9504718
811 17586280
812 17759083
813 17777778
814 17839618
815 17811926
816 12197253
817 17926028
818 18192697
819 18082195
820 18305232
821 18356073
822 18572253
823 18406200
824 18415254
825 14614702
826 18755568
827 18772089
828 18687671
829 18802764
830 19123142
831 18952987
832 19130185
833 19249305
834 19466766
835 17959543
836 19213459
837 19363982
838 19697505
839 19401649
840 6742808
841 19626963
842 19812050
843 19846576
844 20096399
845 19869339
846 20219582
847 20246655
848 20150913
849 20332386
850 20633280
851 20390969
852 20661043
853 20745483
854 21013326
855 20547557
856 19119469
857 21013329
858 14712952
859 21051896
860 20831021
861 21179322
862 21244759
863 21289584
864 20172677
865 21328463
866 21517198
867 21509398
868 21760241
869 21533676
870 21906036
871 21967807
872 21842331
873 22076900
874 22371975
875 22375472
876 22039234
877 22523663
878 22535942
879 22454226
880 21677951
881 22475324
882 22008236
883 22708913
884 22830835
885 22852936
886 22960024
887 22998130
888 22900529
889 23134962
890 23442012
891 23191860
892 23449643
893 23710397
894 23862208
895 23352244
896 23109653
897 23767553
898 23851941
899 23992173
900 13960727
901 23995771
902 24262728
903 24055239
904 24410503
905 24638312
906 24765146
907 24654604
908 24503041
909 24531190
910 25097783
911 24862999
912 24988848
913 25333046
914 25579826
915 21081194
916 25675639
917 25258805
918 25996614
919 25840522
920 21821495
921 25488976
922 26261885
923 25200081
924 21612033
925 26088021
926 26454704
927 25781210
928 26685089
929 26284020
930 26882520
931 24855771
932 26689703
933 26750329
934 27166889
935 26843633
936 15387901
937 27129418
938 25114753
939 26976407
940 27076886
941 27276174
942 27606811
943 27402270
944 27540044
945 27490914
946 27985614
947 27751884
948 27795485
949 28090623
950 28394623
951 28176045
952 24678179
953 28239764
954 28507814
955 28279792
956 28867729
957 14418421
958 28961922
959 28748103
960 15190845
961 29038682
962 29373459
963 28524512
964 29481164
965 29496598
966 29923129
967 29926994
968 27538208
969 29928930
970 30243206
971 29973506
972 29994869
973 30316929
974 30633475
975 17981734
976 30789322
977 30791275
978 31110755
979 31110756
980 18217480
981 31136212
982 31524876
983 31350072
984 29415082
985 31681999
986 31671157
987 31714542
988 28860335
989 31750076
990 20275298
991 31775808
992 32213268
993 32057474
994 32217409
995 32411240
996 29447666
997 32488852
998 32717395
999 25916879
1000 30373390
1001 32559699
1002 32937438
1003 32823188
1004 33213407
1005 33218428
1006 33524954
1007 33526967
1008 24903180
1009 33554158
1010 33995529
1011 33640934
1012 34102404
1013 12809180
1014 34504573
1015 33801687
1016 34121522
1017 34295259
1018 34812404
1019 34666818
1020 24766278
1021 34909342
1022 35018679
1023 30817413
1024 35391652
1025 34961417
1026 35539903
1027 35787408
1028 35351954
1029 34615688
1030 36067271
1031 35897301
1032 28250326
1033 24156505
1034 36069550
1035 30836128
1036 36596697
1037 36270188
1038 36603098
1039 36777483
1040 28526515
1041 36705732
1042 37226591
1043 36889991
1044 37047628
1045 35674763
1046 37593642
1047 37438697
1048 37831323
1049 37831324
1050 20319142
1051 37869090
1052 38001517
1053 28576895
1054 38152214
1055 38043600
1056 15195573
1057 38304431
1058 38693739
1059 38435501
1060 33703665
1061 38810389
1062 38742462
1063 38880537
1064 35280333
1065 38960362
1066 39254487
1067 39299260
1068 30817544
1069 39380392
1070 39429584
1071 34283121
1072 39930337
1073 39500276
1074 40058748
1075 39533541
1076 39937803
1077 39973312
1078 40553277
1079 40158680
1080 19993037
1081 40571606
1082 40648382
1083 40704647
1084 41208707
1085 30054319
1086 41232666
1087 41056626
1088 41302497
1089 41130544
1090 41821282
1091 41557434
1092 29514095
1093 41940377
1094 42089127
1095 41997215
1096 42514528
1097 42454242
1098 42834145
1099 42338859
1100 42287186
1101 42708525
1102 43180902
1103 43217269
1104 38054199
1105 43243743
1106 43543461
1107 36951592
1108 43849822
1109 43389607
1110 35898407
1111 43891986
1112 41188253
1113 43898654
1114 44186055
1115 44223932
1116 36709678
1117 44102337
1118 44520172
1119 44445258
1120 42021138
1121 44718580
1122 44880085
1123 44979997
1124 45339672
1125 44922626
1126 45584705
1127 45873216
1128 45450358
1129 46197095
1130 33777781
1131 46005087
1132 46479348
1133 46620849
1134 36613534
1135 47047992
1136 46414514
1137 47145604
1138 46451737
1139 47271815
1140 35982983
1141 47441800
1142 47512543
1143 47539952
1144 35456496
1145 47560528
1146 47738004
1147 47781553
1148 48317659
1149 48255646
1150 48433742
1151 48472843
1152 36619756
1153 48510828
1154 49115525
1155 43568075
1156 49169748
1157 45601626
1158 49780233
1159 49450190
1160 48762366
1161 49207901
1162 49988202
1163 49906825
1164 50180365
1165 50017312
1166 50678434
1167 50520998
1168 45400794
1169 50773072
1170 33802533
1171 50863197
1172 50876079
1173 51007344
1174 51382706
1175 51435537
1176 45912878
1177 51481364
1178 51944315
1179 51819439
1180 48274061
1181 52285938
1182 52336722
1183 52001009
1184 52982139
1185 52520348
1186 53099116
1187 53439781
1188 52745365
1189 53489637
1190 36132069
1191 53501529
1192 53733775
1193 53779072
1194 53932970
1195 54003464
1196 54165985
1197 51862084
1198 54654150
1199 54567844
1200 32092906
1201 54679353
1202 55193725
1203 55054287
1204 55535884
1205 55703376
1206 56066381
1207 55641839
1208 55831430
1209 55996927
1210 56727768
1211 56256934
1212 56353815
1213 56876601
1214 57362201
1215 56373194
1216 57611074
1217 57626883
1218 58097889
1219 58141766
1220 56934832
1221 58100300
1222 58767116
1223 58603364
1224 57492502
1225 41683206
1226 58867673
1227 59087293
1228 59585862
1229 59160915
1230 56585244
1231 59711166
1232 49987398
1233 56260589
1234 59711169
1235 35446835
1236 56418597
1237 59711172
1238 60336180
1239 60294063
1240 57308456
1241 60175051
1242 60576211
1243 60612259
1244 61127268
1245 52306079
1246 61356191
1247 61424722
1248 29085263
1249 61443429
1250 62183430
1251 61468411
1252 62233381
1253 62630577
1254 63134684
1255 61911269
1256 62311883
1257 62846097
1258 63380741
1259 63431078
1260 18077384
1261 63329061
1262 63927220
1263 63777016
1264 64307893
1265 54224133
1266 64722284
1267 64032146
1268 64573335
1269 51840469
1270 65377249
1271 64847628
1272 64959546
1273 65453452
1274 66029300
1275 65170570
1276 66262445
1277 66282862
1278 66925194
1279 66927751
1280 56901330
1281 60782328
1282 67438075
1283 66394447
1284 67152860
1285 67463718
1286 68208310
1287 60499645
1288 48668650
1289 67826092
1290 68311125
1291 68464739
1292 69185676
1293 68356207
1294 69219289
1295 68943661
1296 56268407
1297 69520794
1298 70017730
1299 69819106
1300 28043315
1301 70112682
1302 55912621
1303 70125694
1304 70491993
1305 54709432
1306 70873120
1307 70649780
1308 66474443
1309 58081045
1310 71503903
1311 71231399
1312 71723332
1313 71939813
1314 72477237
1315 69032622
1316 72121010
1317 72131539
1318 73002732
1319 72654632
1320 56778528
1321 72700799
1322 73339229
1323 71573346
1324 73868664
1325 73467466
1326 65218162
1327 74087127
1328 74130950
1329 74164151
1330 35406923
1331 74374439
1332 74718085
1333 74811361
1334 75302252
1335 74681904
1336 75074523
1337 75895421
1338 76394493
1339 75955588
1340 76625586
1341 75998438
1342 77348491
1343 77407574
1344 40236633
1345 76639823
1346 77978352
1347 77640505
1348 78367075
1349 71024659
1350 62083018
1351 78029505
1352 65648772
1353 78553104
1354 79013434
1355 68621334
1356 78309377
1357 78838591
1358 79611289
1359 79285204
1360 56679840
1361 79384437
1362 80032274
1363 80064963
1364 80661029
1365 65200681
1366 80961162
1367 80961163
1368 51965305
1369 81535305
1370 76301454
1371 81559949
1372 80137211
1373 81610740
1374 81966546
1375 76540372
1376 81761911
1377 81899554
1378 82821433
1379 82358097
1380 52825661
1381 82687698
1382 82972322
1383 83280509
1384 83871475
1385 83363491
1386 60466529
1387 84119703
1388 84140509
1389 84187702
1390 84326690
1391 84461521
1392 84610359
1393 84863812
1394 85489270
1395 52105325
1396 85584037
1397 85637091
1398 86593322
1399 86372437
1400 61726266
1401 86140015
1402 87104287
1403 86882713
1404 66504906
1405 86931820
1406 87641830
1407 87474420
1408 74526471
1409 87309777
1410 76306830
1411 87963809
1412 88546955
1413 88086568
1414 88756796
1415 89019978
1416 64804464
1417 75524111
1418 89756498
1419 88893959
1420 88615661
1421 89585984
1422 90268543
1423 89348387
1424 90759030
1425 90230649
1426 91278167
1427 91094201
1428 60390063
1429 91420986
1430 92150284
1431 90610535
1432 92390453
1433 92431997
1434 93340520
1435 79523973
1436 92397587
1437 92947884
1438 93766097
1439 92837135
1440 41165434
1441 80314470
1442 94364404
1443 93453031
1444 94798587
1445 94706161
1446 95408432
1447 95422893
1448 94975465
1449 89436022
1450 92037808
1451 95625477
1452 78073797
1453 95679198
1454 96384375
1455 95728602
1456 84701103
1457 96709274
1458 96277954
1459 97157129
1460 97527716
1461 97559837
1462 97640193
1463 97681130
1464 97746966
1465 97790887
1466 98824417
1467 98393128
1468 99268044
1469 99550090
1470 89593305
1471 98856704
1472 99598570
1473 100153853
1474 99899003
1475 100711405
1476 100925424
1477 100562306
1478 101179913
1479 101236078
1480 91274056
1481 101329257
1482 93109390
1483 101690623
1484 82084389
1485 90231182
1486 102301066
1487 101921975
1488 98124930
1489 102444016
1490 102685235
1491 102898443
1492 103638472
1493 102810398
1494 96078232
1495 104051083
1496 104077994
1497 104107915
1498 104151329
1499 104405990
1500 88813977
1501 104446465
1502 105460304
1503 104890763
1504 105788649
1505 31660847
1506 106586808
1507 105960108
1508 106086755
1509 103128791
1510 107223789
1511 106799344
1512 98274430
1513 107335751
1514 107823242
1515 107372065
1516 108443875
1517 108592444
1518 109134370
1519 105100448
1520 62039766
1521 108101825
1522 109591493
1523 109516911
1524 109090470
1525 110175559
1526 110518794
1527 110369240
1528 111146983
1529 110641048
1530 76220240
1531 110806182
1532 111242689
1533 111437308
1534 111780804
1535 111877447
1536 84788807
1537 112185984
1538 113081095
1539 71544419
1540 88705065
1541 112491927
1542 112954322
1543 113199526
1544 114372964
1545 113426349
1546 114260749
1547 114805287
1548 113459350
1549 114805289
1550 115553457
1551 115575158
1552 115644976
1553 115660497
1554 116832211
1555 115707089
1556 116098950
1557 116217207
1558 117441780
1559 112581323
1560 64912738
1561 116676526
1562 118035015
1563 117605375
1564 118823732
1565 117649141
1566 119253379
1567 118446706
1568 84933247
1569 118256889
1570 120071810
1571 119709090
1572 119776655
1573 120604043
1574 121302694
1575 89890702
1576 120982253
1577 120429040
1578 122227295
1579 121614946
1580 122701986
1581 121881933
1582 123590995
1583 122856829
1584 74852935
1585 122443488
1586 124108192
1587 123416680
1588 124839199
1589 124937656
1590 125575246
1591 124999629
1592 125071225
1593 118983289
1594 126340051
1595 125230428
1596 108940656
1597 126779175
1598 127039644
1599 124375188
1600 99408458
1601 126860626
1602 127639169
1603 127268883
1604 128361196
1605 127419567
1606 128925579
1607 129066959
1608 99825990
1609 128714806
1610 103374859
1611 128545663
1612 129320870
1613 129756368
1614 130308353
1615 107504891
1616 130287612
1617 124427066
1618 131593342
1619 130117686
1620 70701387
1621 131007281
1622 131651209
1623 131089954
1624 132899074
1625 132128956
1626 133091549
1627 133522693
1628 133127216
1629 133750741
1630 134810235
1631 133794726
1632 120731457
1633 134596519
1634 135123994
1635 113681583
1636 136135431
1637 135190991
1638 93331396
1639 136219029
1640 106304157
1641 136271479
1642 136527608
1643 136383069
1644 133119141
1645 136672239
1646 137719089
1647 118490662
1648 137988994
1649 138012080
1650 139361780
1651 137053885
1652 139383201
1653 138947067
1654 140721384
1655 140180521
1656 98693518
1657 140989818
1658 141301335
1659 138790648
1660 142228184
1661 142243125
1662 142914573
1663 141550040
1664 98914266
1665 138709187
1666 143605990
1667 142776312
1668 143161621
1669 143885881
1670 144989751
1671 143969333
1672 145320310
1673 139921153
1674 146384205
1675 144430533
1676 145338640
1677 145596745
1678 147006262
1679 146615222
1680 56337162
1681 147155862
1682 147875747
1683 119011048
1684 148496332
1685 147342457
1686 149298743
1687 149298744
1688 148628898
1689 149803747
1690 123580244
1691 149830773
1692 149578791
1693 150096544
1694 132858694
1695 138778433
1696 148726230
1697 150612376
1698 150914570
1699 151052109
1700 151493929
1701 127573958
1702 152373156
1703 152128032
1704 152172311
1705 151989963
1706 153625825
1707 152938225
1708 153908366
1709 154680835
1710 71180825
1711 154156140
1712 155162776
1713 155897647
1714 155226061
1715 139210969
1716 123123584
1717 156088206
1718 156802878
1719 155825327
1720 157300411
1721 157651292
1722 139522201
1723 157756373
1724 157363429
1725 113234406
1726 158285520
1727 158454724
1728 98408506
1729 158717230
1730 159715437
1731 152650611
1732 160153058
1733 160198110
1734 161248309
1735 161303820
1736 123518269
1737 161265642
1738 162412488
1739 161743319
1740 113038890
1741 162805279
1742 162901035
1743 138775747
1744 164319080
1745 163026462
1746 164547229
1747 165287951
1748 164147022
1749 160461713
1750 166069745
1751 166108246
1752 129419037
1753 165710731
1754 166761372
1755 107131988
1756 167597501
1757 166759624
1758 168303142
1759 168468480
1760 157358883
1761 168600407
1762 169805323
1763 167030508
1764 113527702
1765 169944749
1766 170031264
1767 170033031
1768 144510834
1769 170483618
1770 139522685
1771 171014320
1772 171595525
1773 171053284
1774 171783888
1775 172222067
1776 164061888
1777 172490390
1778 173544731
1779 172589904
1780 90919980
1781 145486564
1782 173384044
1783 159190001
1784 174971808
1785 125537110
1786 175120047
1787 173676312
1788 173976566
1789 175307580
1790 176793278
1791 175731799
1792 163954148
1793 176850561
1794 123808200
1795 176057765
1796 177338269
1797 178148697
1798 178465146
1799 179078596
1800 107540293
1801 179141581
1802 179146985
1803 179269522
1804 159961544
1805 179312796
1806 180361502
1807 180379563
1808 164072348
1809 180576528
1810 181081267
1811 181213398
1812 181561144
1813 181577453
1814 183110281
1815 160878566
1816 182624430
1817 183563784
1818 184778208
1819 184489137
1820 123183870
1821 184074397
1822 185200369
1823 185694132
1824 150019230
1825 186616572
1826 186643948
1827 138554820
1828 187572619
1829 186702383
1830 164544939
1831 187922328
1832 182001714
1833 187947964
1834 188311094
1835 188323933
1836 119155243
1837 188173427
1838 189636441
1839 183991910
1840 153285120
1841 189450629
1842 190167110
1843 188715348
1844 191321893
1845 160921821
1846 191865438
1847 167629429
1848 78785997
1849 191074612
1850 193018379
1851 192391102
1852 193670832
1853 194026417
1854 194984933
1855 177474064
1856 194126482
1857 194430867
1858 196156948
1859 187236481
1860 96058284
1861 194761669
1862 173869383
1863 183806265
1864 196698039
1865 196584295
1866 197884896
1867 196974082
1868 197007689
1869 197736292
1870 159393093
1871 198224513
1872 113566984
1873 198763789
1874 199640810
1875 198507038
1876 199574203
1877 192016841
1878 201337645
1879 200952615
1880 176134863
1881 119346478
1882 201394882
1883 200081218
1884 200000241
1885 202060281
1886 203164947
1887 203078183
1888 154360996
1889 203225371
1890 94240200
1891 203304711
1892 204460670
1893 203482467
1894 205118851
1895 206096657
1896 173942684
1897 204703456
1898 206918155
1899 190555287
1900 164140206
1901 204798310
1902 206451064
1903 207267392
1904 199001691
1905 206417966
1906 208604132
1907 208230439
1908 173810458
1909 209520921
1910 208772513
1911 210115244
1912 211086033
1913 211105154
1914 206250912
1915 211145329
1916 211265975
1917 211438416
1918 211355982
1919 212054135
1920 174989916
1921 212620592
1922 213277822
1923 212979845
1924 213850965
1925 213939470
1926 215565006
1927 214268647
1928 214843159
1929 215007040
1930 216869489
1931 215748036
1932 181320368
1933 217314079
1934 217722134
1935 217360473
1936 218984775
1937 218853090
1938 220006192
1939 209557552
1940 217343081
1941 219275360
1942 221096957
1943 220803655
1944 173799772
1945 216698102
1946 221884122
1947 220259115
1948 223056441
1949 222347273
1950 145477135
1951 223360755
1952 153867078
1953 223956422
1954 224009162
1955 223577320
1956 224079883
1957 224825234
1958 226131210
1959 225516357
1960 209017405
1961 226468433
1962 225440807
1963 227420466
1964 227440097
1965 227585434
1966 228212572
1967 227850711
1968 228460743
1969 228809080
1970 230349618
1971 229439456
1972 230425385
1973 231129741
1974 174214277
1975 230060325
1976 163837886
1977 232041271
1978 232434859
1979 232201410
1980 118922767
1981 232628952
1982 232965790
1983 232842902
1984 234630445
1985 233358592
1986 235151940
1987 236077879
1988 234901435
1989 224979869
1990 237122056
1991 237143947
1992 235411089
1993 236634245
1994 238310359
1995 138521040
1996 239098132
1997 238968382
1998 240298385
1999 240306378
2000 218019691
2001 231621384
2002 242082158
2003 240326372
2004 240486613
2005 242928271
2006 243636037
2007 239393793
2008 239753214
2009 243636040
2010 162666179
2011 243756582
2012 244414498
2013 243853112
2014 245770429
2015 205974564
2016 113473288
2017 244686498
2018 246593500
2019 246002044
2020 216873265
2021 246256440
2022 247798535
2023 242164837
2024 248625632
2025 194121092
2026 249842781
2027 249139731
2028 248797166
2029 250549858
2030 177210974
2031 247830768
2032 234796645
2033 250576239
2034 251920714
2035 250625033
2036 251895129
2037 197666167
2038 253969815
2039 252964692
2040 106001901
2041 252585338
2042 254274060
2043 254131057
2044 235317747
2045 255582985
2046 256344093
2047 254844068
2048 164044100
2049 255632165
2050 256657082
2051 257241486
2052 181552296
2053 257132685
2054 258512861
2055 257457073
2056 259404088
2057 260523092
2058 260854425
2059 260002387
2060 257530974
2061 260790986
2062 262516878
2063 261446386
2064 261789001
2065 242125534
2066 263927307
2067 251113958
2068 264638682
2069 262774964
2070 192920867
2071 264303324
2072 234636467
2073 265152436
2074 266230905
2075 265351446
2076 265399172
2077 267567548
2078 268552047
2079 158626037
2080 218429391
2081 266705121
2082 267827178
2083 268576988
2084 270448418
2085 268941515
2086 270883571
2087 269187547
2088 146524989
2089 271121555
2090 272615784
2091 271823461
2092 273593291
2093 271882011
2094 274799838
2095 274427101
2096 274087677
2097 273771116
2098 276755887
2099 275972968
2100 199227723
2101 276266876
2102 277067648
2103 277469212
2104 278952499
2105 277690029
2106 258779381
2107 191827412
2108 279676313
2109 279659448
2110 279699520
2111 279767041
2112 161860436
2113 280740908
2114 282218567
2115 280950097
2116 282670406
2117 283902496
2118 284450955
2119 283463909
2120 280861776
2121 261821910
2122 285711104
2123 285051044
2124 285562925
2125 272832482
2126 287818615
2127 286557787
2128 143232630
2129 288165156
2130 235049020
2131 288175803
2132 288862284
2133 182759460
2134 290076435
2135 242211327
2136 282102836
2137 290345322
2138 291405766
2139 290452174
2140 257448726
2141 291863916
2142 240987501
2143 291992378
2144 293017097
2145 160346783
2146 293704124
2147 292635282
2148 288725102
2149 294254190
2150 295791439
2151 294481986
2152 296431696
2153 296758942
2154 298100543
2155 297508188
2156 234521827
2157 297577150
2158 299689830
2159 298751056
2160 174885226
2161 300124182
2162 300429025
2163 300504696
2164 302374388
2165 300686390
2166 302984513
2167 304072335
2168 302626878
2169 305051821
2170 305718009
2171 305069175
2172 306083492
2173 306989217
2174 308402303
2175 301129747
2176 302700154
2177 307060930
2178 250808146
2179 307668315
2180 292357727
2181 308762175
2182 309126474
2183 309619752
2184 143288922
2185 309364315
2186 310808933
2187 310892002
2188 311887088
2189 312035873
2190 313220123
2191 313487416
2192 303679058
2193 313250772
2194 315560746
2195 313963507
2196 285136031
2197 316364839
2198 315729871
2199 316978336
2200 217416795
2201 317541282
2202 318329582
2203 317778992
2204 294909690
2205 240651060
2206 318398251
2207 319245619
2208 319461906
2209 319748947
2210 320833679
2211 320639176
2212 321689844
2213 321090222
2214 323439273
2215 321807236
2216 322538430
2217 322957325
2218 325348320
2219 323824514
2220 280404672
2221 325940529
2222 326109365
2223 326322737
2224 328526720
2225 326511694
2226 302813775
2227 329453146
2228 329079006
2229 328746901
2230 328940825
2231 331124125
2232 305225329
2233 79393838
2234 331675185
2235 313892795
2236 332254156
2237 331880716
2238 334380563
2239 333279423
2240 272850385
2241 332762098
2242 335348786
2243 335030418
2244 271020508
2245 334698366
2246 337082557
2247 337167906
2248 338185798
2249 338185799
2250 235132384
2251 338887489
2252 339209520
2253 339261317
2254 339858621
2255 339558715
2256 339905986
2257 340722869
2258 342725713
2259 341181060
2260 294992695
2261 343021514
2262 343589264
2263 343145871
2264 345640797
2265 343897345
2266 346215450
2267 344255217
2268 303021369
2269 346412826
2270 348199123
2271 347191095
2272 349288152
2273 347222891
2274 350798321
2275 257587137
2276 349480766
2277 185511873
2278 352262206
2279 351321346
2280 235465738
2281 351401113
2282 353379319
2283 352884105
2284 354852298
2285 314204154
2286 355980803
2287 355763617
2288 271429244
2289 261893286
2290 358376516
2291 354482213
2292 357055777
2293 357629016
2294 359989539
2295 275179892
2296 197399731
2297 358738343
2298 360991704
2299 361007791
2300 280882666
2301 361102136
2302 362676021
2303 362777310
2304 341944554
2305 362804948
2306 364107800
2307 363026230
2308 365581151
2309 366045060
2310 260731437
2311 366100478
2312 349120508
2313 356828219
2314 366791992
2315 366842901
2316 356726427
2317 367201768
2318 368260749
2319 331032654
2320 257551764
2321 368121621
2322 369740036
2323 370241678
2324 371515227
2325 369772092
2326 372740064
2327 372670258
2328 372500381
2329 374507827
2330 375863886
2331 297318900
2332 375575295
2333 377140729
2334 378578340
2335 378807167
2336 371175537
2337 378066934
2338 379925635
2339 380945021
2340 160531191
2341 382172998
2342 382180022
2343 378561536
2344 383785679
2345 382329913
2346 385081764
2347 373293914
2348 383320421
2349 383877100
2350 386631301
2351 384107304
2352 351674575
2353 386904171
2354 375252103
2355 385649564
2356 387901846
2357 389297176
2358 389707459
2359 390842137
2360 281156328
2361 389837121
2362 391790458
2363 393184628
2364 391277063
2365 368409148
2366 394073677
2367 390349018
2368 394575262
2369 394584736
2370 397388447
2371 395558789
2372 395117764
2373 395962197
2374 398777762
2375 326449484
2376 324969675
2377 398651898
2378 400244489
2379 396822505
2380 353118852
2381 399501839
2382 401624196
2383 401190540
2384 403238397
2385 385179394
2386 404463544
2387 404654496
2388 403716379
2389 405576632
2390 407569059
2391 407645540
2392 386573664
2393 407674234
2394 302826915
2395 406843383
2396 409044674
2397 408512700
2398 410802737
2399 402642396
2400 272840553
2401 410466927
2402 411912692
2403 412068886
2404 413992083
2405 412321203
2406 415112160
2407 415263802
2408 415059197
2409 415466150
2410 418182220
2411 415791367
2412 418367371
2413 355014591
2414 421083864
2415 312588566
2416 416618345
2417 418703354
2418 395864695
2419 420038442
2420 326901571
2421 420195679
2422 421629135
2423 421772034
2424 424072406
2425 169034277
2426 424559759
2427 423164688
2428 424026544
2429 425801874
2430 296045001
2431 375064491
2432 302832186
2433 425342737
2434 427749957
2435 427784034
2436 293522282
2437 427827866
2438 428059462
2439 428152107
2440 384142747
2441 430842061
2442 374655069
2443 430570972
2444 431213549
2445 396809303
2446 431609430
2447 431775759
2448 349169840
2449 432968346
2450 313266261
2451 433335850
2452 433960935
2453 422669901
2454 434679168
2455 411088840
2456 435703189
2457 390961318
2458 437690230
2459 435086562
2460 321603885
2461 436385972
2462 438714251
2463 438527080
2464 302474186
2465 438541860
2466 440703746
2467 440708679
2468 441742517
2469 441377238
2470 444257256
2471 443543351
2472 443266499
2473 443048919
2474 446611117
2475 310083106
2476 447302772
2477 445915914
2478 449668985
2479 448253559
2480 403640361
2481 448303141
2482 451351038
2483 450176980
2484 228180059
2485 449434481
2486 453009337
2487 449514003
2488 454431206
2489 451838203
2490 456096953
2491 454573025
2492 454578008
2493 454941841
2494 458051858
2495 455083944
2496 301518362
2497 401814231
2498 459199501
2499 456403803
2500 461176894
2501 459636654
2502 462761653
2503 462966897
2504 443170127
2505 397602725
2506 465630092
2507 461765437
2508 446255294
2509 459901768
2510 465899169
2511 464147091
2512 417094737
2513 466335912
2514 468978116
2515 465880701
2516 469490985
2517 467817253
2518 472185984
2519 469589223
2520 195028451
2521 470440647
2522 473141707
2523 470738127
2524 475351116
2525 459924365
2526 476319431
2527 456709412
2528 475348602
2529 473454442
2530 478546524
2531 477002631
2532 476369877
2533 479614625
2534 464844428
2535 396953101
2536 479929095
2537 479667822
2538 481919022
2539 479698268
2540 467468895
2541 377839937
2542 483142213
2543 483165092
2544 482432618
2545 483849627
2546 486622215
2547 474354814
2548 472612403
2549 484882901
2550 464976947
2551 485760177
2552 486482360
2553 487406390
2554 489860735
2555 428812921
2556 483374398
2557 488950959
2558 489743822
2559 434148491
2560 475811946
2561 490575862
2562 395897355
2563 374978772
2564 493111987
2565 334275829
2566 493018070
2567 494414502
2568 477486747
2569 494509483
2570 496559546
2571 496569827
2572 496680381
2573 496736966
2574 321603937
2575 496760125
2576 231309887
2577 497357527
2578 500268064
2579 498215872
2580 387899717
2581 500556803
2582 501044613
2583 455883271
2584 349507828
2585 408313357
2586 503583380
2587 501785652
2588 504375399
2589 503994952
2590 464579062
2591 504756228
2592 503825718
2593 505230729
2594 508034837
2595 508333209
2596 507821844
2597 507318098
2598 511191454
2599 508891882
2600 345338561
2601 510111521
2602 511396669
2603 511810388
2604 352260487
2605 512148932
2606 514787798
2607 377903894
2608 515416765
2609 516147006
2610 321391587
2611 517551708
2612 515327039
2613 490938463
2614 518389842
2615 519333850
2616 515619729
2617 520152347
2618 375408343
2619 520277965
2620 520752171
2621 520993212
2622 521918750
2623 521126885
2624 516999461
2625 455769887
2626 524548557
2627 523440375
2628 482093682
2629 525756520
2630 526056274
2631 526463925
2632 529477565
2633 527564071
2634 530498348
2635 532045094
2636 529186083
2637 532714386
2638 533969964
2639 499072408
2640 321472915
2641 533054563
2642 535125847
2643 534877441
2644 537449492
2645 536413026
2646 394863975
2647 537978868
2648 538913586
2649 527614114
2650 538993743
2651 540730117
2652 395808025
2653 542479779
2654 543400697
2655 542548759
2656 538831382
2657 543844401
2658 544285464
2659 544567263
2660 461725148
2661 544439573
2662 546954411
2663 546610951
2664 515099377
2665 527725388
2666 547815296
2667 548692702
2668 551061883
2669 549068751
2670 552298242
2671 552319603
2672 539267982
2673 552324947
2674 555405393
2675 530535265
2676 554091070
2677 554645179
2678 557998032
2679 557349891
2680 528831617
2681 556246029
2682 551633024
2683 558830895
2684 560867423
2685 560888896
2686 562253382
2687 561058053
2688 350835103
2689 562815353
2690 564781013
2691 491130210
2692 566166890
2693 565510006
2694 569133437
2695 376833538
2696 559961933
2697 566377156
2698 569884548
2699 566563251
2700 387655181
2701 568259293
2702 572756875
2703 570389079
2704 574036776
2705 574804994
2706 576634249
2707 574445083
2708 574190566
2709 544955527
2710 578152372
2711 575663721
2712 578006871
2713 580554371
2714 550843645
2715 575758610
2716 580798793
2717 541577747
2718 581835302
2719 582746168
2720 348681312
2721 583175952
2722 586221053
2723 555967663
2724 581976196
2725 586686518
2726 585838924
2727 583466711
2728 578835467
2729 587835367
2730 313443941
2731 588146475
2732 590132577
2733 588938467
2734 589906124
2735 591409825
2736 335374090
2737 592151530
2738 593654442
2739 592882311
2740 593137039
2741 595049560
2742 597794302
2743 595074231
2744 462025384
2745 501986058
2746 598708709
2747 596349730
2748 598424048
2749 600125648
2750 602476225
2751 602036205
2752 602036206
2753 603324143
2754 606488479
2755 387645768
2756 604260808
2757 605401793
2758 609207830
2759 606546318
2760 279858878
2761 607667198
2762 610520343
2763 610686123
2764 613229000
2765 611584100
2766 615141173
2767 612280882
2768 614511474
2769 615034627
2770 618871076
2771 616062256
2772 374459739
2773 617745385
2774 619207201
2775 385483166
2776 622701992
2777 619914619
2778 623737147
2779 607221435
2780 590384271
2781 622502070
2782 626549534
2783 623937168
2784 598663094
2785 626591267
2786 628145841
2787 624886175
2788 630466596
2789 566871027
2790 463270047
2791 620672754
2792 630419306
2793 628542414
2794 632101969
2795 628894334
2796 636005189
2797 631548349
2798 634959104
2799 633741793
2800 465754343
2801 636537179
2802 636116955
2803 637386420
2804 640636252
2805 376905434
2806 640552525
2807 555423849
2808 473077483
2809 639390571
2810 644486541
2811 641153014
2812 444415422
2813 644601754
2814 645212390
2815 642378614
2816 578316195
2817 643313196
2818 648428979
2819 646433671
2820 528290801
2821 628623692
2822 649166068
2823 647887348
2824 652396729
2825 535347135
2826 653145092
2827 649637612
2828 652402419
2829 653751825
2830 657119525
2831 655273829
2832 654113044
2833 658263367
2834 660235830
2835 409467136
2836 662032411
2837 662199795
2838 664248778
2839 659855519
2840 571690588
2841 663591645
2842 666553001
2843 664773813
2844 653153576
2845 667335358
2846 668783910
2847 660957059
2848 639525442
2849 606808513
2850 462974753
2851 668980289
2852 670580125
2853 669778571
2854 673340364
2855 625814315
2856 414907029
2857 673680254
2858 675043511
2859 671096344
2860 657141090
2861 676415354
2862 678020932
2863 674408795
2864 680505155
2865 677695521
2866 682119320
2867 682239693
2868 679599173
2869 683744870
2870 686233161
2871 632091367
2872 687610582
2873 683942835
2874 690348745
2875 690621869
2876 686409732
2877 604758852
2878 694066844
2879 688447461
2880 475946870
2881 691711500
2882 694654005
2883 694625181
2884 698775258
2885 694665545
2886 660446078
2887 696983736
2888 681319135
2889 642544773
2890 685622257
2891 695461811
2892 698818436
2893 699584929
2894 699631231
2895 699144949
2896 703818851
2897 702718227
2898 298873137
2899 658611892
2900 705016250
2901 704441946
2902 708426393
2903 704560899
2904 576875731
2905 690679286
2906 709215456
2907 615340839
2908 712631397
2909 706433952
2910 686393373
2911 709302806
2912 416391709
2913 710680087
2914 713859252
2915 711320949
2916 712901291
2917 716602931
2918 718773180
2919 718773181
2920 382406835
2921 718773183
2922 716856735
2923 719892694
2924 722429859
2925 472229197
2926 723036386
2927 724710582
2928 559014905
2929 727091825
2930 728005674
2931 725855043
2932 722026493
2933 719109110
2934 727868015
2935 675735224
2936 732172195
2937 728216641
2938 732520812
2939 733302558
2940 348914995
2941 733302560
2942 737450780
2943 729400484
2944 734391813
2945 736391453
2946 739758727
2947 738718787
2948 741775526
2949 739794444
2950 744098189
2951 744470001
2952 579033871
2953 654811378
2954 747763320
2955 741813857
2956 748452395
2957 748742084
2958 752383380
2959 748759828
2960 687444442
2961 552333248
2962 753134705
2963 749375752
2964 655204138
2965 744552643
2966 756755312
2967 650067456
2968 757515509
2969 753265040
2970 321704673
2971 756060673
2972 757980547
2973 754535860
2974 761147966
2975 626949083
2976 731544159
2977 760323421
2978 762824913
2979 760561583
2980 744884801
2981 763706404
2982 765635740
2983 763810741
2984 768203187
2985 676587138
2986 770078924
2987 766379108
2988 509122994
2989 769380008
2990 773284945
2991 771792893
2992 577255995
2993 771185368
2994 775050622
2995 743040620
2996 777755001
2997 766028619
2998 779529650
2999 775092543
3000 529404905
3001 776100209
3002 782599539
3003 597344400
3004 784017662
3005 779856439
3006 787102543
3007 780920731
3008 784530324
3009 785174207
3010 777855803
3011 785944513
3012 787537839
3013 788152288
3014 791015578
3015 584688404
3016 758078337
3017 789803416
3018 791375765
3019 792682560
3020 767705897
3021 793147624
3022 796096121
3023 796120298
3024 278454095
3025 688571404
3026 796389552
3027 796210992
3028 800771161
3029 797273471
3030 801615458
3031 609086839
3032 800786275
3033 801486814
3034 805867909
3035 805173109
3036 634303151
3037 804213485
3038 806202886
3039 807351540
3040 655744613
3041 806770995
3042 473146297
3043 808154652
3044 812090536
3045 455303447
3046 811477787
3047 812419291
3048 813169030
3049 814964892
3050 817722091
3051 814138155
3052 819180020
3053 819180021
3054 822712343
3055 709398683
3056 816040058
3057 820187515
3058 824436746
3059 486766711
3060 464398877
3061 823072722
3062 827751451
3063 825562095
3064 829106318
3065 829593495
3066 749504294
3067 829676252
3068 830277536
3069 603965908
3070 832485311
3071 830538319
3072 812510726
3073 833237788
3074 835284518
3075 740353544
3076 837790277
3077 837128921
3078 784207453
3079 838267459
3080 410307221
3081 839395093
3082 840365848
3083 838741629
3084 840206375
3085 843130008
3086 845820992
3087 842028111
3088 816401010
3089 846302411
3090 701060596
3091 846534088
3092 845087333
3093 847746454
3094 657974994
3095 847950594
3096 721287887
3097 848130106
3098 851881247
3099 850236068
3100 851931286
3101 854942356
3102 713664738
3103 854700432
3104 853403312
3105 670608455
3106 856987535
3107 857919635
3108 679079257
3109 857251548
3110 860560588
3111 858588420
3112 862755383
3113 863950773
3114 866152372
3115 675722727
3116 863966341
3117 864826358
3118 869687319
3119 866887281
3120 475480130
3121 870217382
3122 870997764
3123 870607509
3124 875284135
3125 871357031
3126 876061652
3127 878410013
3128 875692597
3129 880670836
3130 881979174
3131 880689612
3132 882769247
3133 821208324
3134 886880758
3135 726363115
3136 686561890
3137 884183814
3138 882580743
3139 887263111
3140 859785414
3141 885021545
3142 888842205
3143 891193151
3144 597019850
3145 859384362
3146 660286442
3147 891274873
3148 891935914
3149 892244419
3150 603146649
3151 892468082
3152 895090480
3153 892843053
3154 895217335
3155 897380980
3156 900256086
3157 897712257
3158 900216429
3159 771292281
3160 771781927
3161 901433279
3162 902135210
3163 902995501
3164 906314533
3165 903093556
3166 907921674
3167 910195577
3168 474860750
3169 908114854
3170 859780110
3171 907281357
3172 909751567
3173 911807586
3174 913835770
3175 914581880
3176 875124617
3177 912889583
3178 917661633
3179 917747448
3180 739287791
3181 921119300
3182 918911004
3183 919238751
3184 924293941
3185 626031563
3186 923976752
3187 798435289
3188 924062135
3189 925729930
3190 930116178
3191 873294918
3192 352002295
3193 927438169
3194 930993087
3195 914593502
3196 935201044
3197 932883938
3198 936090715
3199 937238798
3200 859641006
3201 728401495
3202 941204321
3203 939132610
3204 924310880
3205 930350807
3206 940301870
3207 942171330
3208 946552093
3209 946558510
3210 879208338
3211 946587393
3212 931578574
3213 604489122
3214 945508422
3215 931784145
3216 923891021
3217 947893213
3218 950676538
3219 949212185
3220 651864523
3221 951574933
3222 952235239
3223 952589660
3224 956906592
3225 953521257
3226 958366709
3227 960809546
3228 957553414
3229 962916779
3230 799459166
3231 711196481
3232 923245433
3233 962994279
3234 745565644
3235 963188261
3236 963647681
3237 956937803
3238 964999864
3239 965547216
3240 614541782
3241 966334295
3242 971190803
3243 912573004
3244 971401396
3245 696841603
3246 976442847
3247 966438013
3248 832793538
3249 791045953
3250 730618662
3251 971570126
3252 970711710
3253 972903814
3254 977797820
3255 695808411
3256 862799011
3257 974400398
3258 976439617
3259 979078612
3260 983316610
3261 979143794
3262 981782741
3263 983616533
3264 348781684
3265 980709078
3266 987103067
3267 934068669
3268 984426232
3269 939939556
3270 900853012
3271 987952407
3272 991492702
3273 987998203
3274 992433187
3275 967001817
3276 554665346
3277 992348024
3278 996989668
3279 992901839
3280 956591284
3281 995818510
3282 998506465
3283 994072446
3284 1002355760
3285 929127726
3286 1003888949
3287 1004372139
3288 1003040866
3289 1005575915
3290 938302724
3291 1000526832
3292 1010299941
3293 1006651422
3294 1010927010
3295 1014257245
3296 1009291143
3297 1010550338
3298 1016968210
3299 1017651099
3300 689754533
3301 1021064329
3302 1016416487
3303 1021932494
3304 1009494883
3305 1023756836
3306 1023132180
3307 1022378403
3308 1025668869
3309 1025668870
3310 1029742250
3311 1030053391
3312 728327741
3313 1032220041
3314 1034493445
3315 859761402
3316 1036650226
3317 1037363372
3318 874363474
3319 1033482300
3320 1031324824
3321 1012150074
3322 1039978123
3323 1039383431
3324 1041341268
3325 959382725
3326 1045499291
3327 1040945245
3328 1019439947
3329 1042043157
3330 862679782
3331 994479586
3332 1044980034
3333 1046789786
3334 1051020459
3335 1048283162
3336 1007155294
3337 990214088
3338 1053223408
3339 614783700
3340 815944963
3341 755520911
3342 1056571577
3343 1053664029
3344 984558592
3345 1051654876
3346 1058791200
3347 1055762538
3348 1000374749
3349 1060179811
3350 1062146041
3351 1055142771
3352 1065774308
3353 1061412247
3354 1016426725
3355 1027092893
3356 1064432566
3357 911177537
3358 1067747249
3359 1062552273
3360 503126310
3361 1068654419
3362 1071797862
3363 986394153
3364 1074016641
3365 1048364493
3366 880101599
3367 936623563
3368 1073395415
3369 1070939810
3370 1077439306
3371 1076219035
3372 1002457466
3373 1076974141
3374 1081586397
3375 1077412633
3376 1083111022
3377 1085974715
3378 1087274965
3379 1086954047
3380 1024529595
3381 914101873
3382 1091934696
3383 1088150217
3384 1010242818
3385 1078797864
3386 1092983793
3387 1093637447
3388 573470681
3389 1097307718
3390 1097724688
3391 1094975316
3392 1083864484
3393 1095171996
3394 1099146321
3395 774633706
3396 1101492242
3397 1101879487
3398 1105843787
3399 1105891360
3400 856577276
3401 1106044317
3402 749041376
3403 1106874311
3404 1107541300
3405 1107854469
3406 1112182225
3407 1112270782
3408 813022958
3409 1112403657
3410 1116287638
3411 1113569537
3412 1118779653
3413 1119581701
3414 1122500662
3415 1117386450
3416 1063267528
3417 1121262477
3418 1125776335
3419 1125906220
3420 679656885
3421 1128266646
3422 1128393234
3423 1126829354
3424 1083036930
3425 1028478327
3426 1131634795
3427 1128924234
3428 1134480978
3429 1131899610
3430 802263422
3431 1135729805
3432 622666654
3433 1136024873
3434 1138394301
3435 1137377645
3436 1137978880
3437 1137700537
3438 1143905982
3439 1140044861
3440 1028636804
3441 1141011772
3442 1145121515
3443 1146171629
3444 570960697
3445 1148836513
3446 1150159712
3447 1149153455
3448 1154311661
3449 1150649455
3450 738030029
3451 833118339
3452 1153440839
3453 1154787490
3454 1156403872
3455 1157118851
3456 815517750
3457 1157692679
3458 1162274513
3459 1158785093
3460 1163947414
3461 1159497649
3462 1168557703
3463 1168755085
3464 1083438000
3465 696439342
3466 1173097690
3467 1166396490
3468 1010500264
3469 1159774537
3470 1162959580
3471 1091279475
3472 921380433
3473 1170497281
3474 1170611891
3475 1173596803
3476 1178345017
3477 1174055505
3478 1179738558
3479 1180145588
3480 901015078
3481 1180267355
3482 1186207642
3483 1181360651
3484 1180911343
3485 1115118276
3486 1081666499
3487 1182019258
3488 1187406961
3489 1187431378
3490 1192833896
3491 1188383901
3492 1008709746
3493 1191349416
3494 1194832919
3495 1057144417
3496 1072102387
3497 1191929258
3498 1198920464
3499 1198993934
3500 772700333
3501 1197874162
3502 1202094051
3503 1202118566
3504 1199158392
3505 1047742435
3506 1205388506
3507 1206752704
3508 1208240067
3509 1206321105
3510 660869234
3511 1209690047
3512 1212102777
3513 1211779644
3514 1212078250
3515 1212935667
3516 1218279971
3517 1213230929
3518 1219348720
3519 914849329
3520 1026052359
3521 1219985481
3522 1219319947
3523 1221686982
3524 1226532482
3525 1103569803
3526 1226325209
3527 1224311621
3528 874511026
3529 1224428014
3530 1232538025
3531 1228350873
3532 1226634512
3533 1193591269
3534 1163185929
3535 1044624564
3536 1113648115
3537 1141847859
3538 1234690556
3539 1229460119
3540 876985092
3541 1235224797
3542 1239840009
3543 1235401849
3544 1241582586
3545 1241706646
3546 1246761817
3547 1246790186
3548 1241717284
3549 1249248263
3550 1253440814
3551 1249376029
3552 1143284206
3553 1253646717
3554 1254389295
3555 1095027652
3556 1259955070
3557 1254758914
3558 1261085035
3559 1264184921
3560 1241108510
3561 1246612332
3562 1267411163
3563 1258312363
3564 924778994
3565 1237197158
3566 1266277648
3567 1269119751
3568 1274061423
3569 1269365876
3570 464499317
3571 1268116448
3572 1274627785
3573 1142339301
3574 1272717852
3575 1027601008
3576 1211105045
3577 1258017146
3578 1279104594
3579 1277343994
3580 1283730715
3581 1279577292
3582 1285634448
3583 1280479706
3584 1284461513
3585 1280812973
3586 1290887627
3587 1288058260
3588 1238817953
3589 1292283748
3590 1293403814
3591 1255840655
3592 1298027359
3593 1292725199
3594 1299844278
3595 1302892838
3596 1297485877
3597 1195853270
3598 1306299106
3599 1304161877
3600 681085245
3601 1304172676
3602 1308498675
3603 1307446873
3604 1313427854
3605 1255840290
3606 1314985881
3607 1310679620
3608 1294094147
3609 1311754508
3610 1319915060
3611 1314242365
3612 1239061547
3613 1320276063
3614 1321833683
3615 1317099322
3616 1326799336
3617 1324206414
3618 1328985793
3619 1255776783
3620 1323551506
3621 1327157325
3622 1333705902
3623 1276534715
3624 1328407559
3625 1330970242
3626 1336728321
3627 1300234982
3628 1340258106
3629 1333745751
3630 1161252492
3631 1337881394
3632 1340761568
3633 1208635189
3634 1343298641
3635 1343520341
3636 1329112301
3637 1347895654
3638 1349598230
3639 1345010695
3640 956674248
3641 1351866573
3642 1350599355
3643 1353039565
3644 1357590922
3645 1143122972
3646 1357227799
3647 1336554334
3648 984153276
3649 1354591489
3650 1364170115
3651 1360582124
3652 1356649528
3653 1365104518
3654 747764394
3655 1114983912
3656 1367542698
3657 1365615942
3658 1370824073
3659 1368819476
3660 1286035262
3661 1371922310
3662 1376004326
3663 1175639708
3664 1378110815
3665 1372647192
3666 1382705790
3667 1382757115
3668 1378063265
3669 1384964651
3670 1389456727
3671 1385280187
3672 720934031
3673 1389882450
3674 1390543706
3675 738822974
3676 1367218440
3677 1387820525
3678 1396183845
3679 1392564411
3680 1065075203
3681 1394172688
3682 1397987238
3683 1399880240
3684 1396701797
3685 1403093538
3686 1403904239
3687 1404542071
3688 1379244819
3689 1402016386
3690 1056408559
3691 1407173726
3692 1409879230
3693 1409986310
3694 1411633789
3695 1413832259
3696 575244637
3697 1414660375
3698 1419219996
3699 1414738014
3700 1324985978
3701 1421477594
3702 1420026565
3703 1422418058
3704 1427429562
3705 954023745
3706 1426919693
3707 1423873341
3708 1428912464
3709 1432742829
3710 1253852948
3711 1430049207
3712 1429640974
3713 1436606546
3714 1285973098
3715 1438935825
3716 1436925903
3717 1310759084
3718 1411437684
3719 1439482514
3720 1288456550
3721 1439668466
3722 1441246562
3723 1199127120
3724 1313043036
3725 1439925219
3726 1345181627
3727 1443104310
3728 1429250118
3729 1444036062
3730 1444729657
3731 1444923618
3732 1428402196
3733 1445901522
3734 1449777398
3735 1140873956
3736 1452465683
3737 1452745931
3738 1456745046
3739 1457272246
3740 1284130491
3741 1270417670
3742 1462971321
3743 1457380681
3744 1010307103
3745 1457549118
3746 1464366836
3747 1454050154
3748 1469968867
3749 1466745549
3750 1471379352
3751 1294834267
3752 1377817057
3753 1468779631
3754 1476985129
3755 1471857093
3756 1472529380
3757 1476477961
3758 1481622658
3759 1258607790
3760 1083228070
3761 1479690200
3762 1162927245
3763 1483086385
3764 1484136509
3765 1359567943
3766 1488676432
3767 1487682200
3768 1487150975
3769 1486800472
3770 1494890449
3771 1344807761
3772 1495760284
3773 1459814432
3774 1328263149
3775 1491164980
3776 1375755223
3777 1497668946
3778 1502866738
3779 1500490367
3780 502341978
3781 1504042629
3782 1504099345
3783 1504364086
3784 1182010637
3785 1491934637
3786 1510007166
3787 1506948051
3788 1511270023
3789 1508129597
3790 1517170282
3791 1513576918
3792 1515063373
3793 1519451865
3794 1524471327
3795 724658761
3796 1526641498
3797 1519899443
3798 1472217616
3799 1521084109
3800 1241066294
3801 1521570383
3802 1531698905
3803 1527565592
3804 1512332781
3805 1532847967
3806 1534298040
3807 1533247494
3808 1378284105
3809 1538195387
3810 1472817876
3811 1538595334
3812 1540211593
3813 1538808752
3814 1542184080
3815 1257683026
3816 1543150903
3817 1545868407
3818 1549518406
3819 1543627152
3820 1325036554
3821 1550816586
3822 1081347255
3823 1552246348
3824 1548285443
3825 1114394196
3826 1555658117
3827 1555772898
3828 1294213821
3829 1554429287
3830 1557163194
3831 1557699395
3832 1563746287
3833 1558274047
3834 1473510910
3835 1558381373
3836 1398439860
3837 1561691730
3838 1564872992
3839 1565840169
3840 1024402179
3841 1566873208
3842 1571291505
3843 1305217208
3844 1573853918
3845 1568305905
3846 1578806601
3847 1578821986
3848 1572792196
3849 1573015381
3850 1253118568
3851 1581814197
3852 1427973428
3853 1578929708
3854 1584070886
3855 1471925430
3856 1587748561
3857 1398171385
3858 1591497548
3859 1589664996
3860 1587052439
3861 1142875605
3862 1598298583
3863 1592339287
3864 1066997355
3865 1491162091
3866 1598935780
3867 1592679235
3868 1605748387
3869 1599681921
3870 915250988
3871 1602054336
3872 1294525571
3873 1602650472
3874 1525061146
3875 1603913072
3876 984583032
3877 1608107876
3878 1609988686
3879 1608763165
3880 1488832603
3881 1606672078
3882 1613356757
3883 1614905995
3884 1617500378
3885 834490587
3886 1620891723
3887 1619885157
3888 1540230679
3889 1620060074
3890 1627532756
3891 1622416810
3892 1522069715
3893 1624074378
3894 1629158637
3895 1583065816
3896 1635091032
3897 1628120153
3898 1636954653
3899 1528273046
3900 682874109
3901 1633706197
3902 1642672654
3903 1639312948
3904 1644544065
3905 1646578559
3906 867917338
3907 1644063531
3908 1649425307
3909 1639314204
3910 1107218102
3911 1649433126
3912 1583237213
3913 1650653834
3914 1652732022
3915 1624654457
3916 1656632901
3917 1651874694
3918 1660387810
3919 1661112808
3920 1078236650
3921 1661289165
3922 1667477267
3923 1664723963
3924 1425010379
3925 1669940286
3926 1669747920
3927 1623759513
3928 1677474290
3929 1668066365
3930 1675387949
3931 1675553042
3932 1679072176
3933 1505555942
3934 1683106473
3935 1675851802
3936 1542970487
3937 1681249067
3938 1687360838
3939 1681906548
3940 1587698647
3941 1687427787
3942 1690844659
3943 1690923500
3944 1433328093
3945 898267339
3946 1695272632
3947 1694372754
3948 836344791
3949 1654262431
3950 1698602523
3951 1699052905
3952 1320630476
3953 1696259426
3954 1703922272
3955 1415080552
3956 1706399829
3957 1673168365
3958 1711743288
3959 1700615638
3960 728565881
3961 1709158621
3962 1714216891
3963 1704250860
3964 1719568260
3965 1361955214
3966 1722061655
3967 1714573476
3968 1377079367
3969 1505712221
3970 1727416986
3971 1655059930
3972 1722445975
3973 1723518416
3974 1731410781
3975 1717316169
3976 1377002753
3977 1726140600
3978 1407746118
3979 1732751674
3980 1720289050
3981 1733360463
3982 1738505208
3983 1733527667
3984 1740372161
3985 1744927015
3986 1746429392
3987 1701829237
3988 1740614579
3989 1746513101
3990 1167445017
3991 1751465930
3992 1742573765
3993 1658785946
3994 1753557217
3995 1593820128
3996 1758538870
3997 1756313080
3998 1761533239
3999 1761237386
4000 1240497982
4001 1763649759
4002 1757692050
4003 1766662678
4004 1179522207
4005 1141299644
4006 1769561231
4007 1769649364
4008 1572339576
4009 1769260631
4010 1771505904
4011 1771762545
4012 1778466575
4013 1778081378
4014 1780196230
4015 1685601406
4016 1742926841
4017 1774724906
4018 1787065131
4019 1782363795
4020 1471304604
4021 1788125886
4022 1789155486
4023 1707384940
4024 1796206087
4025 1489642070
4026 1797239710
4027 1789416921
4028 1795398473
4029 1784288916
4030 1805340026
4031 1797988726
4032 1241813483
4033 1798242681
4034 1806084763
4035 1794551354
4036 1813452422
4037 1803989710
4038 1814217311
4039 1807784492
4040 1632261518
4041 1755800533
4042 1821589004
4043 1815283348
4044 1816488459
4045 1819287570
4046 1779368587
4047 1817300809
4048 1735523804
4049 1822563203
4050 1114680134
4051 1826034636
4052 1827793081
4053 1828230698
4054 1832684946
4055 1802303437
4056 1573622060
4057 1832717381
4058 1837453055
4059 1836714468
4060 1376827253
4061 1835557285
4062 1840894304
4063 1842084710
4064 1846595735
4065 1842230980
4066 1850212536
4067 1454921195
4068 1848085025
4069 1850761770
4070 1798162098
4071 1733378008
4072 1850012579
4073 1854296866
4074 1859462694
4075 1853457494
4076 1860504637
4077 1842434142
4078 1867757362
4079 1864670312
4080 1010116648
4081 1458471948
4082 1872942527
4083 1862495825
4084 1876064254
4085 1877432730
4086 1759722610
4087 1869086799
4088 1685851571
4089 1855902508
4090 1881265733
4091 1879760281
4092 1800352804
4093 1880128473
4094 1884906124
4095 1250380298
4096 1855951583
4097 1881835258
4098 1889719771
4099 1888711500
4100 1720229382
4101 1886899154
4102 1893585412
4103 1895628674
4104 1161991863
4105 1900608039
4106 1898284599
4107 1896613398
4108 1872409551
4109 1903648691
4110 1903056938
4111 1904281719
4112 1911119961
4113 1904997187
4114 1913118222
4115 1917126217
4116 1396510724
4117 1913418574
4118 1921868704
4119 1924051766
4120 1912183423
4121 1928992847
4122 1923015987
4123 1925015616
4124 1931687984
4125 1654130756
4126 1931676313
4127 1934696546
4128 1754684540
4129 1938716246
4130 1677966875
4131 1703579704
4132 1932383426
4133 1941210166
4134 1870642023
4135 1902644900
4136 1384965118
4137 1922132275
4138 1941702028
4139 1942223417
4140 635143187
4141 1946169774
4142 1942302061
4143 1950022750
4144 1451770209
4145 1951900405
4146 1952207136
4147 1529604882
4148 1428641565
4149 1842425874
4150 1951348517
4151 1459142158
4152 1951008404
4153 1956385245
4154 1962138521
4155 1961527873
4156 1962986390
4157 1962533385
4158 571298539
4159 1963601754
4160 1242326182
4161 1965582194
4162 1972087359
4163 1966580870
4164 1967342700
4165 1711540841
4166 1976024642
4167 1976095465
4168 1981813959
4169 1976520501
4170 1799428520
4171 1982580874
4172 1985597221
4173 1982643441
4174 1985373154
4175 1900248161
4176 1626702773
4177 1987785729
4178 1994863239
4179 1918541362
4180 1252457712
4181 1990038632
4182 1586411838
4183 1996229450
4184 1994497528
4185 1834400085
4186 1337668369
4187 1998346868
4188 1998644146
4189 1999079699
4190 2004639771
4191 2000897727
4192 2002456780
4193 2008996301
4194 2013516356
4195 1958133789
4196 2015609197
4197 2012184913
4198 2023032546
4199 1873701134
4200 766435471
4201 2016171466
4202 2024987263
4203 2016347910
4204 2032054054
4205 2025520926
4206 2034353525
4207 2026080303
4208 2031831564
4209 2034284829
4210 2043151086
4211 2035905544
4212 1756314898
4213 2036848810
4214 2043211369
4215 2039671522
4216 2052004722
4217 1972295514
4218 2052086057
4219 2046374409
4220 1724372858
4221 1199320063
4222 2060883624
4223 2009352736
4224 1539934459
4225 2047593940
4226 2060969173
4227 2052769567
4228 2069787828
4229 2055381855
4230 1774039588
4231 2062504881
4232 2069783610
4233 2065936678
4234 2070169679
4235 1025311763
4236 2079133059
4237 2074028521
4238 2079876936
4239 2075193698
4240 1910151073
4241 2040733728
4242 1679684799
4243 2080907950
4244 2084158825
4245 2048340489
4246 2088848790
4247 2088182140
4248 1608922417
4249 2086865128
4250 2043121420
4251 2087697934
4252 2092748123
4253 2093139308
4254 2098822652
4255 2093343454
4256 1059294904
4257 1654016123
4258 2102361901
4259 2102387450
4260 1703407355
4261 2102872978
4262 2108714810
4263 1755996570
4264 2111870021
4265 2109123965
4266 2118214812
4267 2116465574
4268 2017037267
4269 2117396176
4270 2123463843
4271 2116930681
4272 2122937114
4273 2129077407
4274 2135167852
4275 1320077905
4276 2136222609
4277 2096670886
4278 2144297120
4279 2127191562
4280 2048028318
4281 2132949009
4282 2145360427
4283 2130520628
4284 1012753904
4285 2146259650
4286 2153717284
4287 2138377639
4288 1425913966
4289 2149721934
4290 1288247096
4291 2154591633
4292 2069957941
4293 2151000060
4294 2157161945
4295 2075562547
4296 2121628976
4297 2160238600
4298 2164020840
4299 2158089454
4300 1719715042
4301 2166393339
4302 2166814865
4303 2168961982
4304 2176252954
4305 1899423812
4306 2176072773
4307 2172920746
4308 2134148063
4309 2179316643
4310 2186048864
4311 2179583803
4312 2018752135
4313 2179816675
4314 2185722527
4315 2180731033
4316 2195027827
4317 2186100591
4318 2195414502
4319 2197997238
4320 1626173132
4321 2198018835
4322 2206727666
4323 2197482829
4324 2195411781
4325 2183914037
4326 2164736630
4327 2200566868
4328 2209335379
4329 1920208566
4330 2216054550
4331 2211620566
4332 1164073491
4333 2204196458
4334 2220995017
4335 2217896189
4336 2226286346
4337 2226997610
4338 2231700001
4339 2224155933
4340 1369751821
4341 2228234595
4342 2236653728
4343 2232268284
4344 2233997027
4345 2148661912
4346 2243475637
4347 1926665980
4348 2246071532
4349 2240818488
4350 2252915153
4351 2247633373
4352 2246180086
4353 2216271073
4354 2164363776
4355 1870670549
4356 2001511530
4357 2248421396
4358 2255771930
4359 2095883793
4360 1628942340
4361 2254298464
4362 2254682233
4363 2258961991
4364 2265302882
4365 1495923073
4366 2264230655
4367 2261143495
4368 1239581213
4369 2261562729
4370 1948426621
4371 2267749235
4372 2268680340
4373 2270958635
4374 2274041601
4375 2274260302
4376 2281314410
4377 2274789679
4378 2284241773
4379 2288922925
4380 1722857774
4381 2284596415
4382 2294166703
4383 2284675275
4384 2282531974
4385 2291143084
4386 1753967318
4387 2296069461
4388 2291971852
4389 2164136736
4390 2121376911
4391 2301596930
4392 2299159754
4393 2299177323
4394 2305859077
4395 2213634182
4396 2306408380
4397 2308897059
4398 2316663927
4399 2314552829
4400 1487856115
4401 2311878229
4402 2321983414
4403 2304192023
4404 2306067702
4405 2319888053
4406 2326946459
4407 2317843289
4408 1318280260
4409 2325121292
4410 871049710
4411 2020938332
4412 2331654618
4413 2329002532
4414 2337155169
4415 2328428594
4416 1982526155
4417 2333309123
4418 2342779172
4419 2342832189
4420 1870746659
4421 2343123845
4422 1618397301
4423 2343203425
4424 2350542841
4425 2213842463
4426 2352640156
4427 2351954100
4428 2003017598
4429 2358566573
4430 2362876959
4431 2333625980
4432 2366290752
4433 2359997144
4434 2372684983
4435 2366804867
4436 2346865991
4437 1775632621
4438 2376635046
4439 2371127449
4440 1671244553
4441 2367949103
4442 2382931965
4443 2375112632
4444 2386474098
4445 2383687624
4446 2160247343
4447 2387834811
4448 2387888176
4449 2388586638
4450 2393535027
4451 2388938111
4452 2235232325
4453 2396122031
4454 2399025974
4455 2019180252
4456 2404882533
4457 2405185542
4458 2410508390
4459 2349596227
4460 2111721187
4461 2212772742
4462 2414806051
4463 2405216747
4464 1913197749
4465 1820507779
4466 1395218380
4467 2373626634
4468 2420431908
4469 2410651057
4470 2424747395
4471 2415528904
4472 1869314811
4473 2420990413
4474 2430985330
4475 2417835944
4476 2418632538
4477 2427181896
4478 2435618443
4479 2436545493
4480 2048646208
4481 2436128938
4482 2441986904
4483 2437271595
4484 2446750757
4485 1868263951
4486 2452026588
4487 2446880796
4488 1346173692
4489 2446880798
4490 2456947379
4491 2452452763
4492 2462528320
4493 2464882646
4494 2468316063
4495 2463826511
4496 2463017298
4497 2467045715
4498 2477161716
4499 2470846190
4500 1628527670
4501 2332435631
4502 2478432065
4503 2472218389
4504 2487268728
4505 2139878818
4506 2488561569
4507 2482040752
4508 2164128200
4509 1836405654
4510 2118752929
4511 2312519669
4512 2280742862
4513 2489166325
4514 2497393730
4515 1919829580
4516 2498700079
4517 2492955532
4518 2507577318
4519 2502530667
4520 2449205095
4521 2484431717
4522 1779165397
4523 2502684317
4524 1809118992
4525 2399939115
4526 2508888185
4527 2425105495
4528 2517765418
4529 2513830580
4530 2519126001
4531 2522723581
4532 2518926548
4533 2500940032
4534 2529400045
4535 2529332023
4536 1917161907
4537 2526801487
4538 2533694696
4539 2536866759
4540 2453355503
4541 2542399802
4542 2541918427
4543 1683535809
4544 2548356980
4545 2232155362
4546 2552246939
4547 2542817748
4548 2544995926
4549 2553197056
4550 1517057600
4551 2548888901
4552 2556185752
4553 2561408005
4554 2030577933
4555 2526946689
4556 2562355650
4557 2505090587
4558 2562802763
4559 2561453541
4560 1813640971
4561 2564043055
4562 2573162488
4563 1505568275
4564 2574065587
4565 2456108927
4566 2583563852
4567 2574248249
4568 2574289353
4569 2576509402
4570 2586947283
4571 2579223912
4572 2585179926
4573 2593466191
4574 2597778531
4575 2048289600
4576 1982089059
4577 2588757010
4578 2592121684
4579 2599425176
4580 2606290596
4581 2594670594
4582 2609030579
4583 2606579139
4584 2601088178
4585 2363465203
4586 2618239822
4587 2481735983
4588 2494324254
4589 2612133741
4590 2044019024
4591 2613703353
4592 2162405312
4593 2616050214
4594 2621328679
4595 2527700567
4596 2628737186
4597 2426459253
4598 2631881101
4599 2507248583
4600 2395180207
4601 2239827989
4602 2310045425
4603 2621893750
4604 2629237068
4605 2049545367
4606 2640328308
4607 2637306750
4608 2575346429
4609 2469614944
4610 2642603649
4611 2564357814
4612 2650926720
4613 2634941433
4614 2653225093
4615 2318330986
4616 2650940542
4617 2410776337
4618 2661603506
4619 2651397529
4620 1028404388
4621 2656756707
4622 2663860371
4623 2659020999
4624 2672257238
4625 2666712148
4626 2676637399
4627 2625022557
4628 2672603592
4629 2673839276
4630 2684539206
4631 2678534064
4632 2674791411
4633 2685747639
4634 2692470123
4635 2528865920
4636 2696475352
4637 2693155958
4638 2703902205
4639 2701865852
4640 2279887646
4641 1778502008
4642 2709942938
4643 2698372589
4644 2000939078
4645 2682776074
4646 2714643821
4647 2705248876
4648 2377821620
4649 2712580175
4650 1284740960
4651 2712742892
4652 2721000192
4653 2523140555
4654 2725422549
4655 2156259251
4656 2517684886
4657 2727033841
4658 2734037970
4659 2734047287
4660 2737094787
4661 2734816024
4662 2257118853
4663 2742127590
4664 1654156069
4665 2657900117
4666 2745664346
4667 2729129501
4668 2743093801
4669 2632446121
4670 2753988915
4671 2703997298
4672 2756545464
4673 2688180004
4674 2764888699
4675 2680271110
4676 2756531470
4677 2748231471
4678 2767482664
4679 2758481464
4680 1318224523
4681 2642801950
4682 2775797823
4683 2761698221
4684 2778415156
4685 2600287004
4686 2786753707
4687 2721837587
4688 2778410482
4689 2771039910
4690 2789403844
4691 2782256043
4692 1422321929
4693 1871523257
4694 2797723641
4695 2211932546
4696 2800397210
4697 2477980551
4698 2583833142
4699 2790271503
4700 2392322611
4701 2790426572
4702 2808726385
4703 2797963107
4704 1514586673
4705 2718030814
4706 2811404644
4707 2769455727
4708 2819771389
4709 2802868853
4710 2645619941
4711 2811574065
4712 2819776095
4713 2819842064
4714 2822877880
4715 2820124846
4716 2833993494
4717 2829815063
4718 2831640917
4719 2828489260
4720 2179622790
4721 2837609190
4722 2835390260
4723 2839578675
4724 2847929299
4725 1754521711
4726 2848386736
4727 2849639390
4728 2847535869
4729 2852088934
4730 2636204727
4731 2850008104
4732 2796260544
4733 2855435161
4734 2859885102
4735 2855903730
4736 2554566492
4737 2856244652
4738 2863086271
4739 2866645259
4740 2737274299
4741 2017509591
4742 2871081020
4743 2672902603
4744 2874320075
4745 2742911056
4746 2882319564
4747 2879742470
4748 2876172637
4749 2883095222
4750 2758958793
4751 2885741435
4752 1998882018
4753 2867369575
4754 2891627927
4755 2883032149
4756 2897022682
4757 2898549359
4758 2904682415
4759 2899101255
4760 1622162884
4761 2295673165
4762 2910268148
4763 2906844152
4764 2907129933
4765 2914787289
4766 2921601712
4767 2804365401
4768 2917590879
4769 2921830483
4770 2931174913
4771 2930435555
4772 2935912664
4773 2935960385
4774 2822350051
4775 2940286519
4776 2121082598
4777 2936366094
4778 2944264097
4779 2705572553
4780 2924461381
4781 2944388328
4782 2948677774
4783 2947544280
4784 1867604359
4785 1620577407
4786 2955716971
4787 2950562357
4788 2348292361
4789 2958073162
4790 2961732642
4791 2908268317
4792 2968361589
4793 2872924488
4794 2973199906
4795 2590075197
4796 2895338500
4797 2076597695
4798 2979833643
4799 2963730081
4800 2294125598
4801 2965919113
4802 2984681544
4803 2932371714
4804 2991334455
4805 2926497087
4806 2996206348
4807 2820638655
4808 2991329661
4809 2763134102
4810 3002892903
4811 2970931066
4812 2996196750
4813 2980083154
4814 3007779236
4815 2924208910
4816 2570518315
4817 2998482820
4818 3014446531
4819 3008799809
4820 3020401550
4821 3004206044
4822 3026048279
4823 3011625631
4824 2780833822
4825 2983636359
4826 3032008116
4827 3014109984
4828 3037664483
4829 3022787459
4830 1230434303
4831 3026761944
4832 3038411897
4833 2771784015
4834 3043638784
4835 2982797708
4836 2803358716
4837 3045138236
4838 3052316345
4839 3052374402
4840 2683315050
4841 3052606676
4842 3055308068
4843 3055927908
4844 3065712773
4845 1834323553
4846 3067059606
4847 3023827206
4848 2876652279
4849 3066788146
4850 3078534847
4851 2510913497
4852 3064353303
4853 3071239532
4854 3078786934
4855 3080539578
4856 3090960553
4857 3079315704
4858 3091504418
4859 3088113419
4860 1999018646
4861 3096202107
4862 3010175801
4863 3096537518
4864 3028022868
4865 3092413640
4866 3103790308
4867 3107275026
4868 3099646915
4869 3075404441
4870 3111500497
4871 3110093023
4872 1754071440
4873 3112533396
4874 3116193750
4875 2978669264
4876 3124031013
4877 3112781923
4878 3128071692
4879 3036760689
4880 2399558303
4881 3120117551
4882 3135908955
4883 3132066779
4884 2675998005
4885 3137726178
4886 3140154506
4887 3137911810
4888 1814298960
4889 3141498870
4890 2960156478
4891 3142457432
4892 3149275881
4893 3058425610
4894 3152120328
4895 2886772546
4896 1569831833
4897 3154828306
4898 3162826727
4899 3158918099
4900 1720441602
4901 3157477703
4902 3164448322
4903 3166080974
4904 3176487255
4905 2682883537
4906 3176497442
4907 3172798088
4908 3178088905
4909 3182888930
4910 3190185186
4911 3180040824
4912 3180188155
4913 3191019889
4914 2301413881
4915 3187782212
4916 3196842397
4917 2830069981
4918 3202229424
4919 3203754296
4920 1905080843
4921 2865007477
4922 3214084199
4923 3121374861
4924 3214312956
4925 2365272906
4926 3226192323
4927 3144036299
4928 2378991962
4929 3207079550
4930 2971430790
4931 3209386324
4932 3214337554
4933 3217075329
4934 3228009060
4935 2750512469
4936 3238305367
4937 3220474170
4938 3240181242
4939 3170467648
4940 1871771179
4941 3101448021
4942 3250477549
4943 3231316910
4944 2911155987
4945 3240067528
4946 3252378110
4947 3241101035
4948 3262753483
4949 3253876751
4950 2026011835
4951 3254416332
4952 3263744017
4953 3264288738
4954 3266953980
4955 2607858168
4956 2989974012
4957 3264759277
4958 3276985671
4959 2765893105
4960 2391994163
4961 3269617141
4962 3280136582
4963 3199949356
4964 3037963583
4965 3237513055
4966 3289261687
4967 3283203113
4968 2513844606
4969 3278176361
4970 3292432426
4971 3291473172
4972 2890907552
4973 3291577565
4974 3302868535
4975 3292194255
4976 3186138755
4977 3074033168
4978 3304822644
4979 3293791234
4980 3227235841
4981 3305534606
4982 3315223959
4983 3309021308
4984 2990821128
4985 3317495754
4986 3318049198
4987 3318378275
4988 3330219785
4989 3319001652
4990 3331292018
4991 3243713095
4992 2282934710
4993 3327594257
4994 3342649887
4995 3129270274
4996 3343732094
4997 3332549505
4998 3355114915
4999 3350311829
5000 2745168203
